route_id,typology,propulsion,bicycles,passenger_counting,video_surveillance,start_date,end_date
4001_0,0,0,0,0,0,20230601,20260531
4002_0,0,0,0,0,0,20230601,20260531
4101_0,0,6,0,0,0,20230601,20260531
4102_0,0,6,0,0,0,20230601,20260531
4103_0,0,6,1,0,0,20230601,20260531
4104_0,0,6,0,0,0,20230601,20260531
4105_0,0,6,0,0,0,20240912,20260531
4106_0,0,0,0,0,0,20240401,20260531
4107_0,0,0,0,0,0,20240401,20260531
4202_0,0,0,0,0,0,20230601,20260531
4203_0,0,0,0,0,0,20230601,20260531
4204_0,0,0,1,0,0,20230601,20260531
4205_0,0,0,1,0,0,20230601,20260531
4206_0,0,0,1,0,0,20230601,20260531
4207_0,0,0,1,0,0,20230601,20260531
4207_1,0,0,1,0,0,20230601,20260531
4207_2,0,0,1,0,0,20230601,20260531
4208_0,0,0,1,0,0,20230601,20260531
4211_0,0,0,0,0,0,20230601,20260531
4212_0,0,0,0,0,0,20230601,20260531
4301_0,0,0,0,0,0,20230601,20260531
4302_0,0,0,1,0,0,20230601,20260531
4303_0,0,0,0,0,0,20230601,20260531
4303_1,0,0,0,0,0,20250601,20260531
4304_0,0,0,0,0,0,20230601,20260531
4305_0,0,0,0,0,0,20230601,20260531
4307_0,0,0,0,0,0,20230601,20260531
4307_1,0,0,0,0,0,20230601,20260531
4308_0,0,0,1,0,0,20230601,20260531
4310_0,0,0,0,0,0,20230601,20260531
4311_0,0,0,0,0,0,20230601,20260531
4312_0,0,0,0,0,0,20230601,20260531
4312_1,0,0,0,0,0,20230601,20260531
4312_2,0,0,0,0,0,20230601,20260531
4313_0,0,0,1,0,0,20230601,20260531
4320_0,0,6,0,0,0,20230601,20260531
4321_0,0,0,0,0,0,20230601,20260531
4322_0,0,0,0,0,0,20230601,20260531
4322_1,0,0,0,0,0,20230601,20260531
4401_0,0,6,0,0,0,20230601,20260531
4402_0,0,6,0,0,0,20230601,20260531
4403_0,0,6,0,0,0,20230601,20260531
4404_0,0,6,0,0,0,20230601,20260531
4405_0,0,6,0,0,0,20250401,20260531
4406_0,0,0,0,0,0,20230601,20260531
4406_1,0,0,0,0,0,20230601,20260531
4406_2,0,0,0,0,0,20230601,20260531
4407_0,0,0,0,0,0,20230601,20260531
4407_1,0,0,0,0,0,20230601,20260531
4408_0,0,0,0,0,0,20230601,20260531
4409_0,0,0,0,0,0,20230601,20260531
4410_0,0,0,0,0,0,20230601,20260531
4410_1,0,0,0,0,0,20230601,20260531
4410_2,0,0,0,0,0,20230601,20260531
4412_0,0,6,0,0,0,20230601,20260531
4414_0,0,0,0,0,0,20230601,20260531
4415_0,0,0,0,0,0,20230601,20260531
4416_0,0,0,0,0,0,20230601,20260531
4417_0,0,6,0,0,0,20230601,20260531
4418_0,0,6,0,0,0,20230601,20260531
4419_0,0,6,0,0,0,20230601,20260531
4420_0,0,6,0,0,0,20230601,20260531
4422_0,0,6,0,0,0,20230601,20260531
4422_3,0,6,0,0,0,20250401,20260531
4424_0,0,6,0,0,0,20230601,20260531
4425_0,0,6,0,0,0,20230601,20260531
4425_1,0,6,0,0,0,20230601,20260531
4426_0,0,6,0,0,0,20230601,20260531
4426_1,0,6,0,0,0,20230601,20260531
4426_2,0,6,0,0,0,20230601,20260531
4426_3,0,6,0,0,0,20230601,20260531
4426_4,0,6,0,0,0,20230601,20260531
4427_0,0,6,0,0,0,20230601,20260531
4428_0,0,6,0,0,0,20230601,20260531
4429_0,0,6,0,0,0,20230601,20260531
4431_0,0,6,0,0,0,20230601,20260531
4432_0,0,6,0,0,0,20230601,20260531
4433_0,0,6,0,0,0,20230601,20260531
4434_0,0,6,0,0,0,20230601,20260531
4434_1,0,6,0,0,0,20230601,20260531
4435_0,0,6,0,0,0,20230601,20260531
4436_0,0,6,0,0,0,20230601,20260531
4437_0,0,6,0,0,0,20230601,20260531
4438_0,0,6,0,0,0,20230601,20260531
4438_1,0,6,0,0,0,20230601,20260531
4439_0,0,6,0,0,0,20230601,20260531
4440_0,0,6,0,0,0,20230601,20260531
4441_0,0,0,0,0,0,20230601,20260531
4442_0,0,0,0,0,0,20230601,20260531
4442_1,0,0,0,0,0,20230601,20260531
4443_0,0,6,0,0,0,20230601,20260531
4451_0,0,6,0,0,0,20230601,20260531
4452_0,0,6,0,0,0,20230601,20260531
4452_1,0,6,0,0,0,20230601,20260531
4453_0,0,6,0,0,0,20230601,20260531
4463_0,0,0,0,0,0,20240301,20260531
4464_0,0,0,0,0,0,20240301,20260531
4465_0,0,0,0,0,0,20240912,20260531
4466_0,0,0,0,0,0,20240912,20260531
4467_0,0,0,0,0,0,20240912,20260531
4468_0,0,0,0,0,0,20240912,20260531
4470_0,0,0,0,0,0,20230601,20260531
4471_0,0,0,0,0,0,20230601,20260531
4474_0,0,0,0,0,0,20250301,20260531
4474_1,0,0,0,0,0,20230601,20260531
4474_2,0,0,0,0,0,20230601,20260531
4476_1,0,0,0,0,0,20230601,20260531
4477_0,0,0,0,0,0,20240601,20260531
4481_0,0,0,0,0,0,20240601,20260531
4482_0,0,0,0,0,0,20240601,20260531
4501_0,0,0,1,0,0,20230601,20260531
4501_1,0,0,0,0,0,20230601,20260531
4503_0,0,0,0,0,0,20230601,20260531
4504_0,0,0,1,0,0,20230601,20260531
4512_0,0,0,0,0,0,20230601,20260531
4512_1,0,0,0,0,0,20230601,20260531
4514_0,0,0,0,0,0,20230601,20260531
4514_1,0,0,0,0,0,20230601,20260531
4514_3,0,0,0,0,0,20230601,20260531
4515_0,0,0,0,0,0,20230601,20260531
4516_0,0,0,0,0,0,20230601,20260531
4516_1,0,0,0,0,0,20230601,20260531
4520_0,0,0,0,0,0,20230601,20260531
4521_0,0,0,0,0,0,20230601,20260531
4522_0,0,0,0,0,0,20230601,20260531
4524_0,0,0,0,0,0,20230601,20260531
4525_0,0,0,0,0,0,20230601,20260531
4530_0,0,0,0,0,0,20230601,20260531
4531_0,0,0,1,0,0,20230601,20260531
4532_0,0,0,0,0,0,20230601,20260531
4540_0,0,0,0,0,0,20230601,20260531
4540_1,0,0,0,0,0,20230601,20260531
4541_0,0,0,0,0,0,20230601,20260531
4542_0,0,0,0,0,0,20230601,20260531
4543_0,0,0,0,0,0,20230601,20260531
4544_0,0,0,0,0,0,20230601,20260531
4544_1,0,0,0,0,0,20230601,20260531
4544_2,0,0,0,0,0,20230601,20260531
4545_0,0,0,0,0,0,20230601,20260531
4546_0,0,0,0,0,0,20230601,20260531
4548_0,0,0,0,0,0,20230601,20260531
4549_0,0,0,0,0,0,20230601,20260531
4550_0,0,0,0,0,0,20230601,20260531
4551_0,0,0,0,0,0,20230601,20260531
4552_0,0,0,0,0,0,20240201,20260531
4560_0,0,0,0,0,0,20230601,20260531
4562_0,0,0,1,0,0,20230601,20260531
4600_0,0,0,0,0,0,20230601,20260531
4600_2,0,0,1,0,0,20240801,20260531
4602_0,0,0,1,0,0,20230601,20260531
4604_0,0,0,1,0,0,20230601,20260531
4605_0,0,0,0,0,0,20230601,20260531
4610_0,0,0,1,0,0,20230601,20260531
4611_0,0,0,0,0,0,20230601,20260531
4612_0,0,0,0,0,0,20230601,20260531
4620_0,0,0,0,0,0,20230601,20260531
4620_1,0,0,0,0,0,20230601,20260531
4621_0,0,0,1,0,0,20230601,20260531
4632_0,0,0,0,0,0,20230601,20260531
4641_0,0,0,0,0,0,20230601,20260531
4641_1,0,0,0,0,0,20231201,20260531
4643_0,0,0,0,0,0,20230601,20260531
4701_0,0,0,1,0,0,20230601,20260531
4701_1,0,0,1,0,0,20230601,20260531
4701_3,0,0,0,0,0,20250301,20260531
4702_0,0,0,1,0,0,20230601,20260531
4704_0,0,0,1,0,0,20230601,20260531
4705_0,0,0,1,0,0,20230601,20260531
4706_0,0,0,1,0,0,20230601,20260531
4707_0,0,0,1,0,0,20230601,20260531
4708_0,0,0,1,0,0,20250401,20260531
4710_0,0,0,1,0,0,20230601,20260531
4710_1,0,0,1,0,0,20241221,20260531
4715_0,0,0,1,0,0,20230601,20260531
4720_0,0,0,1,0,0,20230601,20260531
4721_0,0,0,1,0,0,20250911,20260531
4725_0,0,0,1,0,0,20230601,20260531
4730_0,0,0,1,0,0,20230601,20260531
4741_0,0,0,0,0,0,20250301,20260531
4901_0,0,0,0,0,0,20230601,20260531
4901_1,0,0,0,0,0,20230601,20260531
4902_0,0,0,0,0,0,20230601,20260531
4905_0,0,0,0,0,0,20230601,20260531
4905_1,0,0,0,0,0,20241101,20260531
4906_0,0,0,0,0,0,20230601,20260531
4906_1,0,0,0,0,0,20230601,20260531
